# Seed:     444444
#
#   a      e        i        node     peri     Manom      resamp       q        r        M      m_rand H_rand color flag delta    m_int   H_int eff   RA(H)     DEC    delta_ra delt_dec Surv.  Comments
#
# flag: >0: detected; >2: characterized; 0 mod(2): tracked
# Survey: name of the block
# delta_ra: distance from center of pointing [arcsec]
# delt_dec: distance from center of pointing [arcsec]
#
  48.168  0.370    0.057     187.3      79.2     357.7      8.4   30.332   31.068  349.537   22.936   7.94  0.75  4   30.099   22.281   7.28 0.62 15.98353 -20.4827  3.52595  0.72048 L5j-smooth res
  48.650  0.370    0.057     273.2     199.0     328.7      8.5   30.635   35.391  331.743   24.357   8.84  0.00  4   34.413   24.335   8.82 0.71  3.34949  18.4732  3.38558 -0.89050 2015BC.eff res
  48.385  0.370    0.057     302.9       9.2     329.9      1.7   30.468   38.663  320.686   23.568   7.67  0.53  4   37.662   22.981   7.08 0.75 15.46682 -18.9192  3.08090  0.77901 L4k-smooth res
  48.784  0.370    0.057       6.7     218.6      16.8      6.4   30.720   31.238    8.697   22.930   7.93  0.66  4   30.257   22.235   7.23 0.73 16.26078 -21.3261  3.60600  0.63908 L5i-smooth res
  48.601  0.370    0.057      39.6      41.6     344.8      3.0   30.604   31.590  347.854   23.992   8.96  0.00  4   30.614   24.081   9.05 0.80  3.42033  18.7097  3.69634 -0.94755 2015BC.eff res
  48.036  0.370    0.057      64.1     229.2     339.0      3.6   30.249   35.565  329.649   23.749   8.19  0.36  4   34.582   23.552   7.99 0.70 15.12920 -17.5609  3.20673  0.90397 L4k-smooth res
  48.258  0.370    0.057     188.9     232.1     359.5      6.7   30.389   30.960  350.774   22.932   8.01  0.97  4   29.978   21.845   6.92 0.86  2.47031  14.6095  3.69692 -1.23826 L4v-smooth res
  48.443  0.370    0.057      43.2       6.0       4.2      6.4   30.505   30.640   -4.493   24.266   9.38  1.23  3   29.661   23.098   8.21 0.52  2.40355  14.3096  3.70574 -1.25756 L4v-smooth res
  48.520  0.370    0.057      55.2      42.7      76.0      5.6   30.553   50.797   76.244   23.226   6.11  0.00  4   49.839   23.324   6.20 0.75 14.28376 -13.6946  2.30552  0.80241 2013AE.eff res
  48.464  0.370    0.057     117.0     181.0     334.9      6.1   30.518   37.122  325.645   23.264   7.52  0.87  4   36.140   22.315   6.57 0.77 15.05440 -17.2133  3.11072  0.89837 L4j-smooth res
  48.552  0.370    0.057       5.8      75.0     343.4      6.9   30.574   31.791  346.454   23.902   8.88  0.00  4   30.804   23.966   8.94 0.85  3.17551  17.8047  3.70906 -1.03068 2015BD.eff res
  48.067  0.370    0.057      76.0      26.8     338.1      6.8   30.268   35.701  329.260   23.562   8.01  0.36  4   34.722   23.210   7.66 0.77  2.40740  14.2957  3.29061 -1.11569 L4v-smooth res
  48.209  0.370    0.057      50.7     107.5      47.7      4.5   30.357   38.236   38.438   23.469   7.62  0.67  4   37.236   22.921   7.07 0.77 15.45848 -18.8369  3.10677  0.78642 L4k-smooth res
  48.276  0.370    0.057     101.6      39.5       5.0      5.5   30.399   30.487   -3.517   23.401   8.54  0.41  4   29.512   23.142   8.28 0.76  9.00841  17.0408  3.80082  1.11731 L5c-smooth res
  48.190  0.370    0.057      27.0     155.2     346.5      7.5   30.346   33.364  338.005   23.190   7.94  0.58  4   32.386   22.570   7.32 0.79  9.08425  16.7443  3.55087  1.06471 L5c-smooth res
  47.958  0.370    0.057      90.6     346.7     345.9      4.5   30.199   31.000  349.005   24.542   9.61  0.00  4   30.020   24.306   9.37 0.61  3.32084  18.2874  3.76817 -1.00010 2015BC.eff res
  48.756  0.370    0.057      87.1      73.4      45.6      5.1   30.702   38.049   36.541   24.776   8.94  0.46  2   37.050   23.907   8.07 0.02 15.42092 -18.6636  3.10711  0.79666 L4k-smooth res
  48.766  0.370    0.057     195.0     273.4     331.0      5.1   30.708   34.813  334.051   23.401   7.95  0.00  4   33.836   23.551   8.10 0.86  3.37595  18.4947  3.42714 -0.89432 2015BC.eff res
  48.067  0.370    0.057      61.5     331.3      11.0      1.5   30.268   30.298    2.207   24.767   9.93  0.81  2   29.321   24.070   9.23 0.04  2.35328  14.0399  3.72552 -1.27743 L4v-smooth res
  48.581  0.370    0.057     252.4     359.4     359.9      2.7   30.592   31.189  350.621   24.402   9.40  0.73  2   30.216   23.506   8.51 0.02 15.20807 -17.9134  3.52890  0.97251 L4j-smooth res
  47.957  0.370    0.057     225.3     214.3     343.9      6.3   30.199   31.307  347.009   23.274   8.32  0.00  4   30.321   23.362   8.41 0.88  3.17173  17.7421  3.75905 -1.04792 2015BD.eff res
  48.261  0.370    0.057     249.4     309.0     337.8      5.3   30.390   35.836  329.307   22.616   7.06  1.01  4   34.858   21.565   6.01 0.84  9.10782  16.5276  3.35416  1.01316 L5c-smooth res
  47.900  0.370    0.057     291.7     350.2     346.9      2.2   30.163   33.266  337.588   23.961   8.70  0.66  3   32.271   23.486   8.23 0.64 15.33304 -18.4235  3.44464  0.91239 L4k-smooth res
  47.984  0.370    0.057     169.1     293.0     333.8      5.8   30.216   33.498  336.889   24.895   9.62  0.00  2   32.517   24.839   9.57 0.26  3.29578  18.1762  3.54793 -0.95081 2015BC.eff res
  48.683  0.370    0.057     147.4      86.7       7.3      6.3   30.656   30.682   -1.866   23.845   8.92  0.79  4   29.699   23.102   8.18 0.68 15.11947 -17.4757  3.58373  1.01330 L4k-smooth res
  48.159  0.370    0.057      81.6     237.6      48.7      5.4   30.326   42.629   51.774   24.238   7.91  0.00  4   41.652   24.323   7.99 0.75  3.39617  18.5777  2.90486 -0.75167 2015BC.eff res
  48.273  0.370    0.057     305.6     283.3       9.7      5.2   30.398   30.400    0.476   24.408   9.53  0.37  2   29.416   24.105   9.22 0.33 15.14035 -17.6805  3.62056  1.01981 L4k-smooth res
  48.779  0.370    0.057     209.1     356.3     335.2      3.5   30.717   36.995  326.814   24.119   8.44  0.77  3   36.011   23.484   7.81 0.53  9.30475  15.6454  3.26960  1.03937 L5c-smooth res
  48.263  0.370    0.057     187.1     193.4      18.7      4.9   30.392   31.055    9.952   23.644   8.74  0.67  4   30.067   22.861   7.96 0.75  2.73005  15.8261  3.74739 -1.18110 L4v-smooth res
  48.102  0.370    0.057     178.6     269.0     341.7      4.4   30.290   31.793  344.808   22.501   7.45  0.00  4   30.816   22.481   7.43 0.88  3.40391  18.5854  3.68446 -0.95236 2015BC.eff res
  48.671  0.370    0.057      81.2     156.5       7.2      5.1   30.649   30.676   -1.968   23.983   9.08  0.86  4   29.681   23.041   8.14 0.63 15.35515 -18.4252  3.66448  0.96076 L4k-smooth res
  48.004  0.370    0.057     357.9     246.1       3.1      4.0   30.228   30.488   -6.183   23.393   8.50  0.71  4   29.506   22.797   7.90 0.78 15.11563 -17.5694  3.60711  1.02248 L4k-smooth res
  48.293  0.370    0.057     117.6     278.7      58.5      0.8   30.410   42.878   52.158   23.513   7.15  1.15  4   41.915   22.377   6.01 0.69  8.89053  17.5102  2.85986  0.81264 L7a-smooth res
  48.130  0.370    0.057     224.1     189.4     356.4      7.1   30.308   30.306  359.508   23.437   8.60  0.00  4   29.328   23.531   8.69 0.86  3.35241  18.4355  3.82916 -1.00720 2015BC.eff res
  48.097  0.370    0.057     227.4       1.6      10.9      3.0   30.287   30.305    1.605   24.657   9.80  0.43  1   29.311   24.030   9.18 0.06 15.32898 -18.3501  3.69554  0.97988 L4k-smooth res
  48.293  0.370    0.057      63.2      53.3     324.8      7.8   30.411   36.293  327.868   24.245   8.64  0.00  4   35.307   24.282   8.68 0.83  3.18600  17.7897  3.33946 -0.92524 2015BD.eff res
  48.221  0.370    0.057      42.2     191.0       7.7      8.6   30.365   30.383   -1.534   24.164   9.28  0.70  3   29.400   23.269   8.39 0.55 15.10956 -17.5044  3.61153  1.02436 L4k-smooth res
  48.491  0.370    0.057     186.4     213.2      10.1      6.3   30.535   30.546    1.403   23.663   8.82  0.65  4   29.558   22.806   7.97 0.75  2.68879  15.6374  3.78505 -1.20519 L4v-smooth res
  47.819  0.370    0.057     274.5      73.3      35.4      6.2   30.112   34.306   26.558   24.523   9.19  0.85  2   33.317   23.536   8.20 0.25  2.80688  16.2556  3.48100 -1.07614 L4v-smooth res
  48.087  0.370    0.057     103.3      77.3      33.0      9.2   30.280   33.703   23.610   23.712   8.37  0.61  4   32.739   23.266   7.92 0.62 15.33833 -18.3434  3.29887  0.87169 L4j-smooth res
  48.374  0.370    0.057     286.8     129.2     355.1      8.0   30.461   30.482  358.142   23.136   8.27  0.00  4   29.501   23.133   8.27 0.87  3.29887  18.2926  3.81499 -1.02031 2015BC.eff res
  48.514  0.370    0.057     135.9     313.8     340.4      2.9   30.549   32.335  343.446   24.336   9.21  0.00  4   31.356   24.421   9.30 0.71  3.35691  18.4005  3.63771 -0.95488 2015BC.eff res
  48.405  0.370    0.057     299.3     191.9      63.8      5.5   30.481   43.800   54.606   23.463   6.99  0.33  3   42.823   22.977   6.51 0.77 15.03853 -17.2624  2.67381  0.77618 L4k-smooth res
  47.837  0.370    0.057     209.8     265.8      17.0      4.2   30.123   30.604    8.446   23.751   8.89  0.41  3   29.624   23.291   8.43 0.68  9.15750  16.3065  3.80555  1.16552 L5c-smooth res
  48.336  0.370    0.057     245.4     265.0      49.4      4.3   30.438   38.910   40.181   24.089   8.13  0.40  4   37.929   24.199   8.24 0.59 15.09317 -17.4468  2.96640  0.84719 L4k-smooth res
  48.103  0.370    0.057     343.4     261.0       2.0      5.2   30.291   30.660   -7.372   23.255   8.35  0.57  3   29.675   22.749   7.84 0.78 15.00830 -17.1339  3.62672  1.05906 L4j-smooth res
  48.035  0.370    0.057     149.0     340.9     324.2      4.8   30.248   40.131  315.382   24.145   8.13  0.44  4   39.141   23.873   7.86 0.59  2.83147  16.2578  3.06333 -0.94022 L4v-smooth res
  48.761  0.370    0.057      37.5      54.3     339.3      4.1   30.705   32.734  342.332   23.880   8.71  0.00  4   31.755   23.959   8.78 0.82  3.33328  18.3880  3.60313 -0.95160 2015BC.eff res
  48.085  0.370    0.057      25.0     188.2      18.2      4.0   30.280   30.815    8.918   23.953   9.04  0.75  4   29.817   23.097   8.18 0.64 15.40499 -18.6681  3.67194  0.94732 L4k-smooth res
  47.985  0.370    0.057     216.7     248.7     331.9      4.5   30.217   34.014  334.937   24.289   8.96  0.00  4   33.031   24.479   9.15 0.82  3.27328  18.1288  3.51740 -0.94956 2015BD.eff res
  48.267  0.370    0.057     233.8     337.1      19.5      5.0   30.394   31.101   10.252   22.659   7.71  0.59  4   30.101   22.005   7.05 0.87 15.45798 -18.8303  3.65835  0.92801 L4k-smooth res
  48.447  0.370    0.057     179.2     160.1      34.0      6.3   30.507   37.966   37.040   23.593   7.77  0.00  4   36.990   23.658   7.83 0.85  3.42254  18.6539  3.19460 -0.82032 2015BC.eff res
  48.039  0.370    0.057     321.7     175.3       7.8      2.0   30.250   30.257   -0.698   24.133   9.32  0.77  3   29.276   23.207   8.39 0.53  9.17716  16.2862  3.83871  1.17971 L5c-smooth res
  48.136  0.370    0.057     118.0     266.4      14.6      4.6   30.312   30.541    5.841   23.285   8.41  0.71  4   29.563   22.570   7.69 0.82  2.36034  14.0385  3.70398 -1.26846 L4v-smooth res
  48.789  0.370    0.057      88.7     224.9      50.8      5.6   30.723   43.881   53.826   24.636   8.21  0.00  4   42.894   24.589   8.16 0.77  3.17363  17.7163  2.84940 -0.79285 2015BD.eff res
  48.551  0.370    0.057     109.0     302.1      52.3      2.9   30.573   40.335   43.927   23.530   7.46  0.53  4   39.355   23.055   6.99 0.74  9.16062  16.3794  3.04199  0.93212 L5c-smooth res
  48.054  0.370    0.057      70.8     244.0      52.6      7.0   30.260   43.832   55.675   23.470   7.02  0.00  4   42.856   23.379   6.93 0.86  3.40403  18.6172  2.83708 -0.73202 2015BC.eff res
  48.539  0.370    0.057     170.2     324.3     317.6      4.4   30.566   42.726  308.939   24.157   7.84  0.68  4   41.741   23.530   7.22 0.59  2.59466  15.1882  2.86945 -0.93399 L4v-smooth res
  47.984  0.370    0.057     220.7     121.9      35.5      2.2   30.216   34.472   26.726   23.957   8.57  0.98  4   33.490   23.208   7.82 0.67  2.47388  14.6598  3.40006 -1.13834 L4v-smooth res
  48.090  0.370    0.057     320.4     189.8      49.1      6.2   30.282   38.584   39.793   23.717   7.79  0.57  4   37.607   23.609   7.69 0.71 15.03807 -17.2640  2.97117  0.86249 L4k-smooth res
  48.297  0.370    0.057     105.5     265.6      23.6      5.6   30.413   31.852   14.819   24.273   9.27  0.79  3   30.863   22.970   7.97 0.52  2.81443  16.1880  3.68874 -1.13653 L4v-smooth res
  48.576  0.370    0.057     325.7     159.8      12.4      9.1   30.588   30.703    4.024   22.632   7.75  0.33  4   29.723   22.309   7.43 0.84  9.14815  16.4188  3.78852  1.15541 L5c-smooth res
  48.277  0.370    0.057      74.0     194.8     352.6      0.9   30.400   32.215  343.279   23.942   8.80  0.76  4   31.247   22.840   7.69 0.46 15.27771 -18.1370  3.42776  0.92309 L4j-smooth res
  48.165  0.370    0.057     167.9     278.3     342.6      4.3   30.330   31.679  345.647   23.971   8.93  0.00  4   30.705   23.965   8.92 0.81  3.44144  18.7163  3.68940 -0.94121 2015BC.eff res
  48.387  0.370    0.057      14.7     170.5     344.1      4.4   30.470   34.105  335.676   24.287   8.93  0.58  3   33.131   23.319   7.96 0.41  8.98037  17.1807  3.47936  1.01313 L5c-smooth res
  48.799  0.370    0.057      67.4     134.5     336.0      0.7   30.729   36.732  327.698   22.885   7.22  0.71  4   35.752   22.286   6.63 0.82  9.16607  16.3854  3.28610  1.00782 L5c-smooth res
  48.759  0.370    0.057     219.4     224.0     343.0      4.6   30.704   32.002  346.020   22.710   7.64  0.00  4   31.021   22.756   7.68 0.88  3.29305  18.2071  3.67056 -0.98464 2015BC.eff res
  48.652  0.370    0.057     235.3     161.8      11.4      7.9   30.637   30.686    2.758   24.415   9.56  0.89  2   29.698   23.715   8.86 0.38  2.72893  15.8705  3.77791 -1.19162 L4v-smooth res
  48.601  0.370    0.057     173.9      83.9     358.5      2.0   30.604   31.371  349.348   23.730   8.73  0.90  4   30.375   22.969   7.97 0.71 15.36778 -18.4485  3.60729  0.94287 L4k-smooth res
  47.823  0.370    0.057      14.3      37.1       4.2      6.3   30.115   30.261   -4.689   23.938   9.12  0.60  3   29.278   23.691   8.87 0.67  2.52086  14.9130  3.78085 -1.25100 L4v-smooth res
  48.620  0.370    0.057     349.2     151.9       5.6      1.4   30.616   30.673   -2.798   22.828   7.95  0.61  4   29.694   22.267   7.39 0.83  9.12259  16.5543  3.78954  1.14779 L5c-smooth res
  48.261  0.370    0.057     236.9     350.5      14.7      5.1   30.390   30.687    6.577   22.550   7.61  0.63  4   29.717   21.954   7.01 0.70 16.00093 -20.5759  3.56310  0.72370 L5j-smooth res
  48.418  0.370    0.057     151.7     172.6      44.2      2.7   30.489   41.323   47.211   23.708   7.52  0.00  4   40.344   23.790   7.60 0.84  3.36279  18.4231  2.98300 -0.78162 2015BC.eff res
  48.069  0.370    0.057     124.8     119.7       1.8      5.4   30.269   30.657   -7.567   23.450   8.54  0.38  4   29.671   22.946   8.04 0.72 14.98857 -16.9353  3.63117  1.06878 L4j-smooth res
  48.494  0.370    0.057       2.6     238.1      86.8      6.3   30.537   54.519   89.631   24.749   7.30  0.00  4   53.602   24.868   7.42 0.53  0.61012   3.9525  2.00426 -0.85521 2015BT.eff res
  48.006  0.370    0.057     242.8      99.8      34.8      2.2   30.230   34.284   25.997   24.093   8.72  0.72  4   33.306   23.284   7.91 0.61  2.38721  14.2594  3.39206 -1.15732 L4v-smooth res
  48.013  0.370    0.057      49.2      68.4      17.3      2.1   30.234   30.756    8.786   22.855   7.99  0.64  4   29.771   22.407   7.54 0.82  9.35325  15.5423  3.79336  1.21925 L5c-smooth res
  48.345  0.370    0.057     110.6      76.2     345.7      8.3   30.443   33.673  337.211   23.425   8.16  0.57  4   32.690   23.081   7.81 0.76  9.28959  15.8009  3.53068  1.11828 L5c-smooth res
  48.349  0.370    0.057     181.8     190.6      20.4      3.0   30.446   31.355   11.683   23.704   8.72  0.51  3   30.375   23.052   8.07 0.74  2.44276  14.4692  3.65150 -1.23024 L4v-smooth res
  47.900  0.370    0.057     162.8     152.4      49.6      1.6   30.163   42.698   52.671   23.886   7.57  0.00  4   41.712   23.904   7.59 0.85  3.18794  17.7550  2.92063 -0.80981 2015BD.eff res
  48.697  0.370    0.057     336.6     250.6      16.1      6.2   30.665   31.109    8.043   23.556   8.57  0.62  2   30.124   22.998   8.01 0.35 16.23226 -21.2635  3.61196  0.65299 L5j-smooth res
  48.738  0.370    0.057     209.4     154.5      24.0      4.6   30.690   32.257   15.416   23.816   8.71  0.62  4   31.277   23.385   8.28 0.71  2.41451  14.3583  3.56040 -1.20739 L4v-smooth res
  48.055  0.370    0.057     320.7     141.5     338.2      5.4   30.261   35.637  329.442   24.072   8.53  0.68  3   34.659   23.191   7.65 0.62  2.38590  14.2879  3.28975 -1.12221 L4v-smooth res
  48.352  0.370    0.057     305.8     147.1     338.1      4.6   30.448   32.710  341.194   24.683   9.53  0.00  4   31.726   24.838   9.68 0.76  3.25101  18.1174  3.62605 -0.98466 2015BD.eff res
  48.631  0.370    0.057     323.7      17.3      35.1      5.6   30.624   34.853   26.431   23.890   8.44  0.69  4   33.877   23.584   8.13 0.69  2.32997  14.0080  3.32717 -1.14824 L4v-smooth res
  48.142  0.370    0.057     183.6      63.5       3.8      3.5   30.315   30.518   -5.440   22.366   7.50  0.95  4   29.518   21.465   6.59 0.89 15.44675 -18.7432  3.71068  0.94405 L4k-smooth res
  48.557  0.370    0.057     178.7     182.6      25.7      1.0   30.577   32.454   16.991   24.618   9.49  0.76  1   31.473   23.930   8.80 0.13  2.45822  14.5419  3.55717 -1.19435 L4v-smooth res
  48.156  0.370    0.057     255.7     235.7       9.9      5.9   30.324   30.341    1.435   23.974   9.14  0.62  3   29.362   23.371   8.54 0.61  9.13545  16.4099  3.82672  1.16427 L5c-smooth res
  48.078  0.370    0.057      80.3     150.4       9.1      7.6   30.275   30.276   -0.249   23.455   8.58  1.01  4   29.304   22.576   7.70 0.72 15.21611 -17.8909  3.61293  0.99248 L4j-smooth res
  48.419  0.370    0.057      15.9     189.1      24.3      4.2   30.490   32.214   16.245   23.335   8.18  0.49  4   31.249   22.908   7.75 0.49 15.93482 -20.4339  3.40544  0.71272 L5j-smooth res
  48.317  0.370    0.057     203.5     121.4      43.7      2.4   30.426   41.066   46.703   23.668   7.51  0.00  4   40.087   23.655   7.49 0.84  3.35711  18.4324  2.99953 -0.78760 2015BC.eff res
  47.971  0.370    0.057       0.9     144.4       3.9      4.3   30.208   30.355   -4.615   24.514   9.68  0.63  2   29.376   23.655   8.82 0.19  9.12457  16.5553  3.82695  1.15979 L5c-smooth res
  48.797  0.370    0.057     223.7     286.5       1.7      2.7   30.728   31.037   -6.674   22.777   7.85  0.85  4   30.058   22.175   7.25 0.83  9.12597  16.4426  3.75368  1.13984 L5c-smooth res
  48.454  0.370    0.057     181.8     288.4     329.8      4.0   30.512   34.943  332.801   24.650   9.19  0.00  4   33.964   24.698   9.24 0.54  3.33668  18.3383  3.42312 -0.90513 2015BC.eff res
  48.560  0.370    0.057     235.0      55.0     342.8      4.7   30.578   34.786  333.637   23.603   8.16  0.59  4   33.789   23.098   7.65 0.74 15.38697 -18.5738  3.33418  0.86688 L4k-smooth res
  48.140  0.370    0.057      24.7      55.5     343.8      6.4   30.314   31.452  346.859   24.894   9.92  0.00  4   30.466   24.853   9.87 0.66  3.19029  17.8470  3.74376 -1.03547 2015BD.eff res
  48.672  0.370    0.057      59.2     297.3      27.7      4.4   30.649   32.990   19.083   23.434   8.23  0.61  4   32.010   23.064   7.86 0.79  2.42400  14.3936  3.50206 -1.18318 L4v-smooth res
  48.702  0.370    0.057     349.9     296.6     344.4      6.6   30.668   34.423  335.315   23.559   8.16  0.54  3   33.427   23.190   7.79 0.75 15.35460 -18.5065  3.35258  0.88077 L4k-smooth res
  47.991  0.370    0.057     310.9      60.2      22.6      3.4   30.220   31.471   13.819   23.403   8.43  1.00  4   30.484   22.585   7.61 0.80  2.66655  15.6340  3.69929 -1.18423 L4v-smooth res
  48.229  0.370    0.057     180.9     150.2      43.4      4.4   30.370   37.022   34.621   24.392   8.70  0.80  3   36.036   23.489   7.80 0.41  2.59628  15.2037  3.23399 -1.05248 L4v-smooth res
  48.320  0.370    0.057     314.6     122.5     346.4      3.6   30.427   31.167  349.485   23.510   8.54  0.00  4   30.189   23.412   8.45 0.85  3.38222  18.6157  3.74226 -0.97260 2015BC.eff res
  48.173  0.370    0.057     301.0     226.6      41.8      2.6   30.335   36.322   32.508   23.951   8.32  0.29  4   35.322   23.827   8.20 0.64 15.46418 -18.9091  3.24039  0.82017 L4k-smooth res
  48.770  0.370    0.057      27.4     152.2      34.7      5.3   30.711   34.726   25.611   23.937   8.51  0.76  4   33.725   23.258   7.83 0.65 15.47166 -18.9081  3.35629  0.84586 L4k-smooth res
  48.483  0.370    0.057     265.0     343.4       3.1      2.2   30.530   30.785   -6.097   22.759   7.85  0.90  4   29.786   21.779   6.87 0.86 15.42988 -18.7608  3.67798  0.94256 L4k-smooth res
  48.219  0.370    0.057     241.4      22.7     353.3      6.4   30.364   32.046  343.927   23.800   8.70  0.66  4   31.063   23.042   7.94 0.58 15.04787 -17.2579  3.49660  1.01165 L4j-smooth res
  47.910  0.370    0.057     113.6     265.7      18.6      5.3   30.169   30.799    9.731   23.675   8.79  0.72  4   29.813   22.999   8.11 0.74  2.61301  15.2635  3.75079 -1.21470 L4v-smooth res
  48.545  0.370    0.057     260.0     214.0     330.3      1.0   30.569   38.487  321.599   24.509   8.63  0.85  1   37.510   23.355   7.47 0.26  2.34361  14.0583  3.07582 -1.05899 L4v-smooth res
  48.452  0.370    0.057     263.7     192.4     336.5      4.8   30.511   33.163  339.539   23.323   8.11  0.00  4   32.178   23.334   8.12 0.88  3.24369  18.0630  3.58629 -0.97692 2015BD.eff res
  48.761  0.370    0.057     254.4     171.7     350.7      6.7   30.705   30.970  353.752   22.613   7.69  0.00  4   29.987   22.598   7.68 0.91  3.28745  18.2224  3.77768 -1.01483 2015BD.eff res
  48.185  0.370    0.057     155.9     278.8     347.7      5.1   30.342   30.914  350.756   24.317   9.38  0.00  4   29.938   24.411   9.48 0.72  3.41860  18.6293  3.76273 -0.96745 2015BC.eff res
  48.104  0.370    0.057     330.3      72.5       7.8      7.6   30.292   30.295   -0.969   23.906   9.08  0.90  3   29.312   23.088   8.27 0.68  2.52655  14.9715  3.77571 -1.24869 L4v-smooth res
  48.271  0.370    0.057     260.9     149.1       5.4      7.4   30.396   30.468   -3.303   23.973   9.14  0.58  3   29.482   23.472   8.64 0.66  2.64710  15.5206  3.78602 -1.21835 L4v-smooth res
  48.789  0.370    0.057      41.6     228.9     352.8      3.2   30.722   32.475  343.673   23.035   7.89  0.51  4   31.478   22.463   7.32 0.84 15.39804 -18.6259  3.51985  0.90999 L4k-smooth res
  47.898  0.370    0.057     358.4       7.8      24.9      4.7   30.162   31.822   16.040   23.685   8.66  0.64  4   30.836   22.992   7.97 0.74  2.65034  15.5399  3.66513 -1.17699 L4v-smooth res
  48.000  0.370    0.057     155.9      96.3       0.4      1.7   30.226   30.774   -9.028   23.107   8.16  0.44  3   29.807   22.555   7.61 0.80 15.29306 -18.1603  3.54726  0.95262 L4j-smooth res
  47.941  0.370    0.057     224.7      69.4     338.2      6.7   30.189   35.722  328.893   23.325   7.74  0.72  4   34.740   22.712   7.13 0.79 15.10122 -17.4576  3.18677  0.90767 L4k-smooth res
  47.977  0.370    0.057      78.1      40.8      15.5      6.9   30.211   30.538    6.925   23.489   8.63  0.70  4   29.558   22.750   7.89 0.74  9.15504  16.4289  3.81026  1.16546 L5c-smooth res
  48.645  0.370    0.057     282.6     341.4     355.8      3.9   30.632   31.822  346.646   23.656   8.60  0.63  4   30.825   23.146   8.09 0.73 15.37994 -18.5925  3.57123  0.93113 L4k-smooth res
  48.547  0.370    0.057     290.7     193.0     322.3      8.0   30.570   37.282  325.329   24.112   8.37  0.00  4   36.305   24.240   8.49 0.78  3.40791  18.7010  3.24121 -0.83533 2015BC.eff res
  48.269  0.370    0.057     282.6     295.2      19.6      8.7   30.395   31.272   11.439   23.014   8.02  0.50  4   30.285   22.843   7.84 0.71 16.16520 -21.0685  3.63034  0.67898 L5i-smooth res
  48.629  0.370    0.057     356.2     124.7     322.1      9.6   30.622   37.400  325.155   24.646   8.91  0.00  4   36.414   24.703   8.97 0.77  3.19368  17.8833  3.25595 -0.89984 2015BD.eff res
  48.297  0.370    0.057     214.6      77.0     342.0      2.8   30.413   34.852  332.740   23.513   8.06  0.67  3   33.855   22.978   7.52 0.76 15.38755 -18.5547  3.33152  0.86569 L4k-smooth res
  48.205  0.370    0.057     136.3     216.9      29.1      2.2   30.355   32.959   20.315   24.196   8.99  1.09  4   31.981   23.339   8.13 0.56  2.37036  14.0882  3.49327 -1.19414 L4v-smooth res
  47.899  0.370    0.057     294.4     192.9     320.3      5.9   30.163   37.386  323.431   23.509   7.75  0.00  4   36.411   23.476   7.71 0.85  3.44374  18.8331  3.23464 -0.82317 2015BC.eff res
  48.505  0.370    0.057      82.2      61.3      53.5      3.0   30.544   40.412   44.274   23.950   7.84  0.78  3   39.430   23.190   7.08 0.46 15.04935 -17.2152  2.90510  0.83958 L4j-smooth res
  48.027  0.370    0.057      62.8     282.1      36.8      5.5   30.243   34.867   28.006   24.515   9.11  0.67  2   33.878   23.897   8.49 0.26  2.78508  16.0916  3.43138 -1.06510 L4v-smooth res
  48.521  0.370    0.057     226.2     339.9      21.2      7.4   30.554   31.530   12.071   23.373   8.36  0.55  4   30.533   22.860   7.84 0.79 15.40472 -18.6295  3.60311  0.93107 L4k-smooth res
  48.324  0.370    0.057      92.0     104.9     340.6      6.3   30.430   35.041  332.156   23.753   8.32  0.64  4   34.056   23.243   7.81 0.68  9.34183  15.5775  3.41995  1.09686 L5c-smooth res
  47.911  0.370    0.057      22.6     338.5      77.6      7.3   30.170   47.623   67.846   23.671   6.82  0.65  3   46.699   23.012   6.16 0.69  7.61473  21.6325  2.56234  0.42492 L3y-smooth res
  48.280  0.370    0.057     205.5     203.9     358.0      8.1   30.402   30.407    1.079   23.842   8.99  0.00  4   29.427   23.907   9.06 0.83  3.31914  18.2919  3.82138 -1.01649 2015BC.eff res
  48.230  0.370    0.057     269.4     205.2     327.2      5.1   30.371   35.534  330.220   22.363   6.83  0.00  4   34.554   22.363   6.83 0.88  3.33200  18.4046  3.37943 -0.89418 2015BC.eff res
  47.850  0.370    0.057      12.6      98.9     328.6      5.4   30.132   34.820  331.707   24.284   8.85  0.00  4   33.837   24.331   8.90 0.83  3.29234  18.2556  3.45253 -0.92433 2015BD.eff res
  48.516  0.370    0.057     334.4     341.4      49.2      3.9   30.551   43.092   52.210   23.746   7.39  0.00  4   42.106   23.770   7.42 0.86  3.19738  17.9075  2.89466 -0.79928 2015BD.eff res
  48.670  0.370    0.057     248.1      14.9     354.4      4.5   30.648   32.085  345.274   24.242   9.12  0.70  4   31.103   23.727   8.61 0.50 15.10785 -17.5091  3.46099  0.98439 L4k-smooth res
  48.323  0.370    0.057     351.8     134.9     320.6      5.7   30.429   37.661  323.603   23.414   7.62  0.00  4   36.685   23.451   7.66 0.86  3.42786  18.7761  3.21421 -0.82186 2015BC.eff res
# Total number of objects:          6204
# Number of detections:          135
# Number of tracked objects:     100
